55,22
55,21
55,20
55,19
55,18
55,17
27,25
27,24
27,23
27,22
27,21
27,20
55,16
55,15
55,14
55,13
55,12
55,11
55,10
55,9
27,19
27,18
27,17
27,16
27,15
27,14
27,13
27,12
55,8
55,7
55,6
27,11
27,10
27,9
66,4
66,3
66,2
66,1
66,0
65,5
65,4
65,3
65,2
65,1
65,0
64,4
64,3
64,2
64,1
64,0
63,5
63,4
63,3
63,2
63,1
63,0
62,4
62,3
62,2
62,1
62,0
61,4
61,3
61,2
61,1
61,0
60,4
60,3
60,2
60,1
60,0
59,4
59,3
59,2
59,1
59,0
15,8
58,6
58,5
58,4
58,3
58,2
58,1
58,0
57,5
57,4
57,3
57,2
57,1
57,0
56,5
56,4
56,3
56,2
56,1
56,0
55,5
55,4
55,3
55,2
55,1
55,0
54,5
54,4
54,3
54,2
54,1
54,0
53,3
53,2
53,1
53,0
50,10
50,9
2,8
52,3
52,2
52,1
52,0
2,7
51,3
51,2
51,1
51,0
2,6
50,8
50,7
50,6
50,5
50,4
50,3
50,2
50,1
50,0
47,5
49,4
49,3
49,2
49,1
49,0
48,4
48,3
48,2
48,1
48,0
47,4
47,3
47,2
47,1
47,0
46,3
46,2
46,1
46,0
45,3
45,2
45,1
45,0
15,7
44,6
44,5
44,4
44,3
44,2
44,1
44,0
43,3
43,2
43,1
43,0
42,3
42,2
42,1
42,0
41,3
41,2
41,1
41,0
40,3
40,2
40,1
40,0
39,4
39,3
39,2
39,1
39,0
38,4
38,3
38,2
38,1
38,0
37,6
37,5
37,4
37,3
37,2
37,1
37,0
2,5
2,4
36,6
36,5
36,4
36,3
36,2
36,1
36,0
35,6
35,5
35,4
35,3
35,2
35,1
35,0
34,3
34,2
34,1
34,0
33,6
33,5
33,4
33,3
33,2
33,1
33,0
32,6
32,5
32,4
32,3
32,2
32,1
32,0
15,6
31,5
31,4
31,3
31,2
31,1
31,0
30,5
30,4
30,3
30,2
30,1
30,0
29,5
29,4
29,3
29,2
29,1
29,0
28,3
28,2
28,1
28,0
27,8
27,7
27,6
27,5
27,4
27,3
27,2
27,1
27,0
26,8
15,5
15,4
26,7
26,6
26,5
26,4
26,3
26,2
26,1
26,0
25,7
25,6
25,5
25,4
25,3
25,2
25,1
25,0
24,5
24,4
24,3
24,2
24,1
24,0
23,4
23,3
23,2
23,1
23,0
22,5
22,4
22,3
22,2
22,1
22,0
21,5
21,4
21,3
21,2
21,1
21,0
20,4
20,3
20,2
20,1
20,0
19,4
19,3
19,2
19,1
19,0
18,7
18,6
18,5
18,4
18,3
18,2
18,1
18,0
17,5
17,4
17,3
17,2
17,1
17,0
16,5
16,4
16,3
16,2
16,1
16,0
15,3
15,2
15,1
15,0
4,2
4,1
4,3
3,6
3,5
4,0
3,4
3,3
3,2
3,1
3,0
2,2
1,2
0,443
0,436
0,418
0,408
0,405
0,393
0,384
0,383
0,381
0,380
0,322
0,319
0,317
0,315
0,311
0,243
1,1
1,3
1,0
2,1
2,3
2,0
0,9
0,310
0,305
0,308
0,304
0,303
0,302
0,307
0,12
0,10
0,8
0,0
0,347
0,300
0,345
0,299
0,314
0,298
0,423
0,297
0,445
0,296
0,326
0,295
0,313
0,294
0,406
0,293
0,442
0,292
0,362
0,291
0,334
0,290
0,420
0,289
0,447
0,288
0,354
0,287
0,375
0,286
0,402
0,285
0,343
0,284
0,416
0,283
0,353
0,282
0,385
0,281
0,401
0,280
0,441
0,279
0,444
0,278
0,388
0,277
0,440
0,276
0,361
0,275
0,427
0,274
0,352
0,273
0,320
0,272
0,424
0,271
0,346
0,270
0,399
0,269
0,412
0,268
0,331
0,267
0,337
0,266
0,439
0,265
0,410
0,264
0,409
0,263
0,373
0,262
0,394
0,261
0,332
0,260
0,349
0,259
0,370
0,258
0,389
0,257
0,438
0,256
0,379
0,255
0,377
0,254
0,434
0,253
0,348
0,252
0,336
0,251
0,330
0,250
0,425
0,249
0,376
0,248
0,324
0,247
0,342
0,246
0,344
0,245
0,403
0,244
0,338
0,242
0,392
0,241
0,419
0,240
0,414
0,239
0,387
0,238
0,237
0,417
0,236
0,363
0,235
0,390
0,234
0,233
0,374
0,232
0,400
0,231
0,359
0,230
0,328
0,229
0,415
0,228
0,340
0,227
0,306
0,226
0,369
0,225
0,404
0,224
0,437
0,223
0,358
0,222
0,430
0,221
0,407
0,220
0,435
0,219
0,356
0,218
0,367
0,217
0,398
0,216
0,431
0,215
0,355
0,214
0,213
0,433
0,212
0,395
0,211
0,351
0,210
0,327
0,209
0,312
0,208
0,391
0,207
0,350
0,206
0,371
0,205
0,413
0,204
0,323
0,203
0,378
0,202
0,360
0,201
0,396
0,200
0,428
0,199
0,372
0,198
0,321
0,197
0,411
0,196
0,426
0,195
0,421
0,194
0,386
0,193
0,318
0,192
0,325
0,63
0,366
0,62
0,365
0,61
0,309
0,60
0,382
0,59
0,339
0,58
0,357
0,57
0,432
0,56
0,422
0,55
0,333
0,54
0,341
0,53
0,397
0,52
0,446
0,51
0,368
0,50
0,364
0,49
0,429
0,48
0,335
0,47
0,301
0,46
0,316
0,45
0,329
0,6
0,5
0,1
0,11
0,4
0,2
0,3
0,7
